{
 "cells": [
  {
   "cell_type": "code",
   "execution_count": 2,
   "id": "7cb91c08",
   "metadata": {},
   "outputs": [
    {
     "name": "stdout",
     "output_type": "stream",
     "text": [
      "Uncorrelated Unconditional Signals Covariance\n",
      "ComplexF64[1.1877290474696756 + 0.0im -0.06389717080003603 - 0.2904318397278202im 0.7108602914883977 - 0.3943125257123014im -0.5216240881140837 - 0.5694946773179858im; -0.06389717080003603 + 0.2904318397278202im 1.2083739073907398 + 0.0im -0.06625502219679276 - 0.2779378695611921im 0.7348205923362566 - 0.4099524839235327im; 0.7108602914883977 + 0.3943125257123014im -0.06625502219679276 + 0.2779378695611921im 1.1765890089447868 + 0.0im -0.06095038863311185 - 0.27699809683474264im; -0.5216240881140837 + 0.5694946773179858im 0.7348205923362566 + 0.4099524839235327im -0.06095038863311185 + 0.27699809683474264im 1.2051026380552492 + 0.0im]\n",
      "\n",
      "Uncorrelated Unconditional Signals DOA Estimate\n",
      "[79.90897694076206, 10.473820472312728]\n",
      "\n",
      "Partly Correlated Unconditional Signals Covariance\n",
      "ComplexF64[0.5377040192719555 + 0.0im 0.09461490957868988 + 0.36751833542227696im 0.521579834274004 - 0.29135995173534834im 0.017563871772585983 + 0.022312325756977003im; 0.09461490957868988 - 0.36751833542227696im 1.3981105507465363 + 0.0im -0.2873072784209075 - 1.069086628995865im 0.5238356876952621 - 0.28073034188929163im; 0.521579834274004 + 0.29135995173534834im -0.2873072784209075 + 1.069086628995865im 1.4022944774793953 + 0.0im 0.08195807099856861 + 0.3659422638598502im; 0.017563871772585983 - 0.022312325756977003im 0.5238356876952621 + 0.28073034188929163im 0.08195807099856861 - 0.3659422638598502im 0.5380614031377284 + 0.0im]\n",
      "\n",
      "Partly Correlated Unconditional Signals DOA Estimate\n",
      "[6.694213583229058, 80.45045361248472]\n",
      "\n",
      "Fully Correlated Unconditional Signals Covariance\n",
      "ComplexF64[0.384474528098563 + 0.0im 0.14079776422244952 + 0.5316883464859699im 0.47970728693892867 - 0.26923925759672857im 0.15835993953240995 + 0.16816177601878507im; 0.14079776422244952 - 0.5316883464859699im 1.4492709463359639 + 0.0im -0.3246287517316606 - 1.2599815087635773im 0.47716802895455995 - 0.25731620077308787im; 0.47970728693892867 + 0.26923925759672857im -0.3246287517316606 + 1.2599815087635773im 1.457519279202069 + 0.0im 0.13262459276573407 + 0.5287543413127442im; 0.15835993953240995 - 0.16816177601878507im 0.47716802895455995 + 0.25731620077308787im 0.13262459276573407 - 0.5287543413127442im 0.38459901357188925 + 0.0im]\n",
      "\n",
      "Fully Correlated Unconditional Signals DOA Estimate\n",
      "[91.35597688978021, 145.31247426777205]\n",
      "\n",
      "Conditional Signals Covariance\n",
      "ComplexF64[1.0083621691993156 + 0.0im -0.07023392035404015 - 0.28227495775958183im 0.7273823522062398 - 0.39870216736710495im -0.5265411361973736 - 0.5683925586902518im; -0.07023392035404015 + 0.28227495775958183im 1.0076325965570807 + 0.0im -0.07130729258133359 - 0.28438807889088846im 0.7267510869341264 - 0.3983838803531394im; 0.7273823522062398 + 0.39870216736710495im -0.07130729258133359 + 0.28438807889088846im 1.0122185910004415 + 0.0im -0.06946911891914807 - 0.2820182582897484im; -0.5265411361973736 + 0.5683925586902518im 0.7267510869341264 + 0.3983838803531394im -0.06946911891914807 + 0.2820182582897484im 1.00955361902274 + 0.0im]\n",
      "\n",
      "Conditional Signals DOA Estimate\n",
      "[79.99167036244847, 10.10828949994771]\n",
      "\n"
     ]
    }
   ],
   "source": [
    "using ArraySignalProcessing\n",
    "using LinearAlgebra\n",
    "using StatsBase\n",
    "\n",
    "fc = 150e6\n",
    "\n",
    "# Spacing:  1m is λ/2 for 150MHz \n",
    "#        subarray 1:  X    X   X   -\n",
    "#        subarray 2:  -    X   X   X\n",
    "pa = IsotropicArray([-1.5 -0.5 0.5 1.5])\n",
    "Δ = [1, 0, 0]\n",
    "\n",
    "Rss = I(2)\n",
    "Θ = deg2rad.([10, 80])\n",
    "d = length(Θ)\n",
    "N = Int(8e3)\n",
    "SNR = 10\n",
    "X = unconditional_signals(pa, Rss, N, SNR, Θ, fc)\n",
    "Rxx = X*X'/N\n",
    "Z = [X[1:3,:]; X[2:4,:]]\n",
    "Rzz = 1/size(Z, 2) * Z*Z'\n",
    "\n",
    "println(\"Uncorrelated Unconditional Signals Covariance\")\n",
    "println(X*X'/N)\n",
    "println(\"\")\n",
    "\n",
    "println(\"Uncorrelated Unconditional Signals DOA Estimate\")\n",
    "Θest = esprit(Rzz, Δ, d, fc)\n",
    "println(rad2deg.(Θest))\n",
    "println(\"\")\n",
    "\n",
    "# partly correlated unconditional/stochastic signals\n",
    "Rss = [1 0.8; 0.8 1]\n",
    "Θ = deg2rad.([10, 80])\n",
    "d = length(Θ)\n",
    "N = Int(8e3)\n",
    "SNR = 10\n",
    "X = unconditional_signals(pa, Rss, N, SNR, Θ, fc)\n",
    "Rxx = X*X'/N\n",
    "Z = [X[1:3,:]; X[2:4,:]]\n",
    "Rzz = 1/size(Z, 2) * Z*Z'\n",
    "\n",
    "println(\"Partly Correlated Unconditional Signals Covariance\")\n",
    "println(X*X'/N)\n",
    "println(\"\")\n",
    "\n",
    "println(\"Partly Correlated Unconditional Signals DOA Estimate\")\n",
    "Θest = esprit(Rzz, Δ, d, fc)\n",
    "println(rad2deg.(Θest))\n",
    "println(\"\")\n",
    "\n",
    "\n",
    "# fully correlated unconditional/stochastic signals\n",
    "Rss = [1 1; 1 1]\n",
    "Θ = deg2rad.([10, 80])\n",
    "d = length(Θ)\n",
    "N = Int(8e3)\n",
    "SNR = 10\n",
    "X = unconditional_signals(pa, Rss, N, SNR, Θ, fc)\n",
    "Rxx = X*X'/N\n",
    "Z = [X[1:3,:]; X[2:4,:]]\n",
    "Rzz = 1/size(Z, 2) * Z*Z'\n",
    "\n",
    "println(\"Fully Correlated Unconditional Signals Covariance\")\n",
    "println(X*X'/N)\n",
    "println(\"\")\n",
    "\n",
    "println(\"Fully Correlated Unconditional Signals DOA Estimate\")\n",
    "Θest = esprit(Rzz, Δ, d, fc)\n",
    "println(rad2deg.(Θest))\n",
    "println(\"\")\n",
    "\n",
    "# conditional/deterministic signals\n",
    "fs = 8e3\n",
    "t = transpose(0:1/fs:1)\n",
    "s1 = sin.(2π*t*300)\n",
    "s2 = cos.(2π*t*400)\n",
    "s = [s1; s2]\n",
    "n = (0.1/sqrt(2))*(randn(length(pa), length(t)) + 1im*randn(length(pa), length(t)))\n",
    "A = steer(pa, Θ, fc)\n",
    "X = A*s + n\n",
    "Z = [X[1:3,:]; X[2:4,:]]\n",
    "Rzz = 1/size(Z)[2] * Z*Z'\n",
    "\n",
    "println(\"Conditional Signals Covariance\")\n",
    "println(X*X'/N)\n",
    "println(\"\")\n",
    "\n",
    "println(\"Conditional Signals DOA Estimate\")\n",
    "Θest = esprit(Rzz, Δ, d, fc)\n",
    "println(rad2deg.(Θest))\n",
    "println(\"\")"
   ]
  }
 ],
 "metadata": {
  "kernelspec": {
   "display_name": "Julia 1.11.6",
   "language": "julia",
   "name": "julia-1.11"
  },
  "language_info": {
   "file_extension": ".jl",
   "mimetype": "application/julia",
   "name": "julia",
   "version": "1.11.6"
  }
 },
 "nbformat": 4,
 "nbformat_minor": 5
}
