{
 "cells": [
  {
   "cell_type": "code",
   "execution_count": 12,
   "id": "7cb91c08",
   "metadata": {},
   "outputs": [
    {
     "name": "stdout",
     "output_type": "stream",
     "text": [
      "Uncorrelated Unconditional Signals Covariance\n",
      "ComplexF64[1.1106462107911355 + 0.0im -0.07214222742529945 - 0.2785022205936225im 0.7350952778433625 - 0.39723116563949123im -0.5289544162145124 - 0.5699409251177435im; -0.07214222742529945 + 0.2785022205936225im 1.080861697292385 + 0.0im -0.07183904857872188 - 0.2770905603298202im 0.7187762728937046 - 0.3907573599556448im; 0.7350952778433625 + 0.39723116563949123im -0.07183904857872188 + 0.2770905603298202im 1.0962677434294446 + 0.0im -0.07509762693854369 - 0.28404387455318547im; -0.5289544162145124 + 0.5699409251177435im 0.7187762728937046 + 0.3907573599556448im -0.07509762693854369 + 0.28404387455318547im 1.0956566780356063 + 0.0im]\n",
      "\n",
      "Uncorrelated Unconditional Signals DOA Estimate\n",
      "[10.37436098358056, 79.9773608498353]\n",
      "\n",
      "Partly Correlated Unconditional Signals Covariance\n",
      "ComplexF64[0.4795979100687432 + 0.0im 0.08555082192384289 + 0.36349234649545487im 0.523376781678641 - 0.28332055520155475im 0.010643816499687635 + 0.016888837776432793im; 0.08555082192384289 - 0.36349234649545487im 1.3266906190436765 + 0.0im -0.2724040108786917 - 1.048832580026594im 0.5159436123395903 - 0.2803273994001746im; 0.523376781678641 + 0.28332055520155475im -0.2724040108786917 + 1.048832580026594im 1.3230522414235146 + 0.0im 0.08833738843848907 + 0.35158124496628096im; 0.010643816499687635 - 0.016888837776432793im 0.5159436123395903 + 0.2803273994001746im 0.08833738843848907 - 0.35158124496628096im 0.47524429824339104 + 0.0im]\n",
      "\n",
      "Partly Correlated Unconditional Signals DOA Estimate\n",
      "[80.2412692678767, 8.16336644054624]\n",
      "\n",
      "Fully Correlated Unconditional Signals Covariance\n",
      "ComplexF64[0.32133221703608855 + 0.0im 0.13087925586042856 + 0.5144278414772432im 0.46847154140184705 - 0.2547460272089287im 0.15080607770577145 + 0.16159215271858865im; 0.13087925586042856 - 0.5144278414772432im 1.376770356888759 + 0.0im -0.3169292311348679 - 1.2401534643260625im 0.46618380720557473 - 0.25349923367453087im; 0.46847154140184705 + 0.2547460272089287im -0.3169292311348679 + 1.2401534643260625im 1.3831189529967325 + 0.0im 0.12832799127781977 + 0.5149969364045339im; 0.15080607770577145 - 0.16159215271858865im 0.46618380720557473 + 0.25349923367453087im 0.12832799127781977 - 0.5149969364045339im 0.320811817345068 + 0.0im]\n",
      "\n",
      "Fully Correlated Unconditional Signals DOA Estimate\n",
      "[145.92846478507454, 90.30522778722211]\n",
      "\n",
      "Conditional Signals Covariance\n",
      "ComplexF64[1.013039330493607 + 0.0im -0.07384803916874753 - 0.2831278182311916im 0.7283327501484677 - 0.39723746776084046im -0.5300742020687617 - 0.5686607688622829im; -0.07384803916874753 + 0.2831278182311916im 1.0117704796288314 + 0.0im -0.07241878181742559 - 0.2824567213383308im 0.7289710004728173 - 0.3992125149163183im; 0.7283327501484677 + 0.39723746776084046im -0.07241878181742559 + 0.2824567213383308im 1.007335319715993 + 0.0im -0.07094293353210568 - 0.2823374872410895im; -0.5300742020687617 + 0.5686607688622829im 0.7289710004728173 + 0.3992125149163183im -0.07094293353210568 + 0.2823374872410895im 1.011177040747764 + 0.0im]\n",
      "\n",
      "Conditional Signals DOA Estimate\n",
      "[79.99149123202002, 10.059157093290514]\n",
      "\n"
     ]
    }
   ],
   "source": [
    "using ArraySignalProcessing\n",
    "using LinearAlgebra\n",
    "using StatsBase\n",
    "\n",
    "fc = 150e6\n",
    "\n",
    "# Spacing:  1m is λ/2 for 150MHz \n",
    "#        subarray 1:  X    X   X   -\n",
    "#        subarray 2:  -    X   X   X\n",
    "pa = IsotropicArray([-1.5 -0.5 0.5 1.5])\n",
    "Δ = [1, 0, 0]\n",
    "\n",
    "Rss = I(2)\n",
    "Θ = deg2rad.([10, 80])\n",
    "d = length(Θ)\n",
    "N = Int(8e3)\n",
    "SNR = 10\n",
    "X = unconditional_signals(pa, Rss, N, SNR, Θ, fc)\n",
    "Rxx = X*X'/N\n",
    "Z = [X[1:3,:]; X[2:4,:]]\n",
    "Rzz = 1/size(Z, 2) * Z*Z'\n",
    "\n",
    "println(\"Uncorrelated Unconditional Signals Covariance\")\n",
    "println(X*X'/N)\n",
    "println(\"\")\n",
    "\n",
    "println(\"Uncorrelated Unconditional Signals DOA Estimate\")\n",
    "Θest = esprit(Rzz, Δ, d, fc)\n",
    "println(rad2deg.(Θest))\n",
    "println(\"\")\n",
    "\n",
    "# partly correlated unconditional/stochastic signals\n",
    "Rss = [1 0.8; 0.8 1]\n",
    "Θ = deg2rad.([10, 80])\n",
    "d = length(Θ)\n",
    "N = Int(8e3)\n",
    "SNR = 10\n",
    "X = unconditional_signals(pa, Rss, N, SNR, Θ, fc)\n",
    "Rxx = X*X'/N\n",
    "Z = [X[1:3,:]; X[2:4,:]]\n",
    "Rzz = 1/size(Z, 2) * Z*Z'\n",
    "\n",
    "println(\"Partly Correlated Unconditional Signals Covariance\")\n",
    "println(X*X'/N)\n",
    "println(\"\")\n",
    "\n",
    "println(\"Partly Correlated Unconditional Signals DOA Estimate\")\n",
    "Θest = esprit(Rzz, Δ, d, fc)\n",
    "println(rad2deg.(Θest))\n",
    "println(\"\")\n",
    "\n",
    "\n",
    "# fully correlated unconditional/stochastic signals\n",
    "Rss = [1 1; 1 1]\n",
    "Θ = deg2rad.([10, 80])\n",
    "d = length(Θ)\n",
    "N = Int(8e3)\n",
    "SNR = 10\n",
    "X = unconditional_signals(pa, Rss, N, SNR, Θ, fc)\n",
    "Rxx = X*X'/N\n",
    "Z = [X[1:3,:]; X[2:4,:]]\n",
    "Rzz = 1/size(Z, 2) * Z*Z'\n",
    "\n",
    "println(\"Fully Correlated Unconditional Signals Covariance\")\n",
    "println(X*X'/N)\n",
    "println(\"\")\n",
    "\n",
    "println(\"Fully Correlated Unconditional Signals DOA Estimate\")\n",
    "Θest = esprit(Rzz, Δ, d, fc)\n",
    "println(rad2deg.(Θest))\n",
    "println(\"\")\n",
    "\n",
    "# conditional/deterministic signals\n",
    "fs = 8e3\n",
    "t = transpose(0:1/fs:1)\n",
    "s1 = sin.(2π*t*300)\n",
    "s2 = cos.(2π*t*400)\n",
    "s = [s1; s2]\n",
    "n = (0.1/sqrt(2))*(randn(length(pa), length(t)) + 1im*randn(length(pa), length(t)))\n",
    "A = steer(pa, Θ, fc)\n",
    "X = A*s + n\n",
    "Z = [X[1:3,:]; X[2:4,:]]\n",
    "Rzz = 1/size(Z)[2] * Z*Z'\n",
    "\n",
    "println(\"Conditional Signals Covariance\")\n",
    "println(X*X'/N)\n",
    "println(\"\")\n",
    "\n",
    "println(\"Conditional Signals DOA Estimate\")\n",
    "Θest = esprit(Rzz, Δ, d, fc)\n",
    "println(rad2deg.(Θest))\n",
    "println(\"\")"
   ]
  }
 ],
 "metadata": {
  "kernelspec": {
   "display_name": "Julia 1.11.6",
   "language": "julia",
   "name": "julia-1.11"
  },
  "language_info": {
   "file_extension": ".jl",
   "mimetype": "application/julia",
   "name": "julia",
   "version": "1.11.6"
  }
 },
 "nbformat": 4,
 "nbformat_minor": 5
}
